15
0 932 227 711 385 639 125 166 737 973 668 394 845 401 939 
175 0 219 590 312 15 417 931 562 762 124 683 113 917 7 
232 311 0 512 815 83 336 722 874 507 360 145 204 783 471 
261 142 466 0 782 616 352 245 170 853 376 772 491 622 724 
452 656 957 553 0 847 71 474 735 349 6 943 962 600 675 
138 327 252 110 34 0 902 208 79 414 505 384 69 140 362 
410 556 543 570 594 748 0 729 591 284 410 714 502 87 648 
120 618 229 831 853 57 845 0 630 310 187 966 571 527 913 
643 809 415 246 189 51 964 793 0 503 193 866 253 483 184 
877 738 512 430 216 995 526 768 764 0 726 726 94 456 292 
904 928 458 826 396 363 167 508 598 255 0 189 376 253 172 
741 257 889 131 597 146 151 873 636 652 643 0 763 947 104 
871 264 9 557 640 339 884 0 617 394 202 187 0 156 456 
913 667 852 249 818 21 471 470 496 888 312 343 960 0 957 
395 0 51 265 57 444 909 250 587 402 842 420 62 925 0 
